bibkey,author_key,role,position,name_variant_latex,name_variant_unicode
arabatzis_g:2009,arabatzis_g,author,0,,
arabatzis_t-etal:2015,arabatzis_t,editor,0,,
arabatzis_t-etal:2015,renn_j,editor,1,,
arabatzis_t-etal:2015,simooes,editor,2,,
arabatzis_t-nersessian:2015,arabatzis_t,author,0,,
arabatzis_t-nersessian:2015,nersessian_nj,author,1,,
arabatzis_t:2001,arabatzis_t,author,0,,
arabatzis_t:2006,arabatzis_t,author,0,,
arabatzis_t:2006a,arabatzis_t,author,0,,
arabatzis_t:2008,arabatzis_t,author,0,,
arabatzis_t:2011,arabatzis_t,author,0,,
arabatzis_t:2012,arabatzis_t,author,0,,
arabatzis_t:2012a,arabatzis_t,author,0,,
arabatzis_t:2018,arabatzis_t,author,0,,
arageorgis:2017,arageorgis,author,0,,
arai_t:2000,arai_t,author,0,,
arai_t:2000a,arai_t,author,0,,
arai_t:2000b,arai_t,author,0,,
arai_t:2000c,arai_t,author,0,,
arai_t:2000d,arai_t,author,0,,
arai_t:2000e,arai_t,author,0,,
arai_t:2000f,arai_t,author,0,,
arai_t:2000h,arai_t,author,0,,
arai_t:2000i,arai_t,author,0,,
arai_t:2000j,arai_t,author,0,,
arai_t:2000k,arai_t,author,0,,
arai_y-tanaka:1966,arai_y,author,0,,
arai_y-tanaka:1966,tanaka_sh,author,1,,
arai_y-tanaka:1966a,arai_y,author,0,,
arai_y-tanaka:1966a,tanaka_sh,author,1,,
arai_y:1966,arai_y,author,0,,
araki_m-etal:1999,araki_m,author,0,,
araki_m-etal:1999,komatani_k,author,1,,
araki_m-etal:1999,hirata,author,2,,
araki_m-etal:1999,doshita_s,author,3,,
aramayo:2018,aramayo,author,0,,
arana-halimi:2011,arana,author,0,,
arana-halimi:2011,halimi,author,1,,
arana:2008,arana,author,0,,
arana:2009,arana,author,0,,
arana:2010,arana,author,0,,
arana:2016,arana,author,0,,
arandamurillo:2025,arandamurillo,author,0,,
arandjelovic_j:1979,arandjelovic_j,author,0,,
aranitovic-cekic:1989,aranitovic,author,0,,
aranitovic-cekic:1989,cekic,author,1,,
aranitovic-cekic:1989a,aranitovic,author,0,,
aranitovic-cekic:1989a,cekic,author,1,,
aranyosi_eu:2012,aranyosi_eu,author,0,,
aranyosi_i:2003,aranyosi_i,author,0,,
aranyosi_i:2007,aranyosi_i,author,0,,
aranyosi_i:2008,aranyosi_i,author,0,,
aranyosi_i:2009,aranyosi_i,author,0,,
aranyosi_i:2009a,aranyosi_i,author,0,,
aranyosi_i:2010,aranyosi_i,author,0,,
aranyosi_i:2011,aranyosi_i,author,0,,
aranyosi_i:2013,aranyosi_i,author,0,,
aranyosi_i:2013a,aranyosi_i,author,0,,
aranyosi_i:2013b,aranyosi_i,author,0,,
aranyosi_i:2022,aranyosi_i,author,0,,
arapinis_a:2016,arapinis_a,author,0,,
araszkiewicz-pleszka:2015,araszkiewicz,editor,0,,
araszkiewicz-pleszka:2015,pleszka_k,editor,1,,
araujo_c:2013,araujo_c,author,0,,
araujo_c:2017,araujo_c,author,0,,
araujo_s-osbeck:2023,araujo_s,author,0,,
araujo_s-osbeck:2023,osbeck,author,1,,
aravind:1997,aravind,author,0,,
aravindan-dung:1994,aravindan,author,0,,
aravindan-dung:1994,dung,author,1,,
aravindan-dung:1994a,aravindan,author,0,,
aravindan-dung:1994a,dung,author,1,,
aravindan-dung:1995,aravindan,author,0,,
aravindan-dung:1995,dung,author,1,,
aravindan:1996,aravindan,author,0,,
arazim-dancak:2015,arazim,editor,0,,
arazim-dancak:2015,dancak,editor,1,,
arazim-dancak:2016,arazim,editor,0,,
arazim-dancak:2016,dancak,editor,1,,
arazim-lavicka:2017,arazim,editor,0,,
arazim-lavicka:2017,lavicka_t,editor,1,,
arazim-lavicka:2018,arazim,editor,0,,
arazim-lavicka:2018,lavicka_t,editor,1,,
arazim:2019,arazim,author,0,,
arbaizargil:1993,arbaizargil,author,0,,
arbellay_n:2008,arbellay_n,author,0,,
arbib_d:2014,arbib_d,author,0,,
arbib_d:2017,arbib_d,author,0,,
arbib_d:2019,arbib_d,author,0,,
arbib_ma-liaw:2003,arbib_ma,author,0,,
arbib_ma-liaw:2003,liaw_js,author,1,,
arbib_ma-manes:1983,arbib_ma,author,0,,
arbib_ma-manes:1983,manes_eg,author,1,,
arbib_ma-manes:1995,arbib_ma,author,0,,
arbib_ma-manes:1995,manes_eg,author,1,,
arbib_ma:1964,arbib_ma,author,0,,
arbib_ma:1972,arbib_ma,author,0,,
arbib_ma:1987,arbib_ma,author,0,,
arbib_ma:1988,arbib_ma,author,0,,
arbib_ma:1988a,arbib_ma,author,0,,
arbib_ma:1989,arbib_ma,author,0,,
arbib_ma:1990,arbib_ma,author,0,,
arbib_ma:1992,arbib_ma,author,0,,
arbib_ma:1993,arbib_ma,author,0,,
arbib_ma:1995,arbib_ma,editor,0,,
arbib_ma:2003,arbib_ma,editor,0,,
arbib_ma:2012,arbib_ma,author,0,,
arbini:1973,arbini,author,0,,
arbini:1983,arbini,author,0,,
arblaster_j:2014,arblaster_j,editor,0,,
arboledaaparicio-sotoarango:2006,arboledaaparicio,author,0,,
arboledaaparicio-sotoarango:2006,sotoarango_d,author,1,,
arbour_bh:2013,arbour_bh,author,0,,
arbour_bh:2014,arbour_bh,author,0,,
arbour_bh:2018,arbour_bh,editor,0,,
arcadi:2016,arcadi,author,0,,
arcadi:2018,arcadi,author,0,,
arcadi:2020,arcadi,author,0,,
arcangeli:2014,arcangeli,author,0,,
arcangeli:2017,arcangeli,author,0,,
arcangeli:2018,arcangeli,author,0,,
arcangeli:2023,arcangeli,author,0,,
arcaya:1989,arcaya,author,0,,
arce:1993,arce,author,0,,
archambault_r:1971,archambault_r,author,0,,
archangeli:1988,archangeli,author,0,,
archangelsky-taitslin:1997,archangelsky,author,0,,
archangelsky-taitslin:1997,taitslin_ma,author,1,,
archard_dw-benatar:2010,archard_dw,editor,0,,
archard_dw-benatar:2010,benatar,editor,1,,
archard_dw:1987,archard_dw,author,0,,
archard_dw:1992,archard_dw,author,0,,
archard_dw:1995,archard_dw,author,0,,
archard_dw:1996,archard_dw,editor,0,,
archard_dw:1996a,archard_dw,author,0,,
archard_dw:1998,archard_dw,author,0,,
archard_dw:2002,archard_dw,author,0,,
archard_dw:2003,archard_dw,author,0,,
archard_dw:2003a,archard_dw,author,0,,
archard_dw:2003b,archard_dw,author,0,,
archard_dw:2006,archard_dw,author,0,,
archard_dw:2007,archard_dw,author,0,,
archard_dw:2010,archard_dw,author,0,,
archard_dw:2010a,archard_dw,author,0,,
archard_dw:2012,archard_dw,author,0,,
archard_dw:2013,archard_dw,author,0,,
archard_dw:2014,archard_dw,author,0,,
archard_dw:2017,archard_dw,author,0,,
archard_dw:2018,archard_dw,author,0,,
archard_dw:2018a,archard_dw,author,0,,
archard_dw:2023,archard_dw,author,0,,
archer_a-grahle:2021,archer_a,editor,0,,
archer_a-grahle:2021,grahle_a,editor,1,,
archer_a-matheson:2023,archer_a,author,0,,
archer_a-matheson:2023,matheson_b,author,1,,
archer_a-ridge:2015,archer_a,author,0,,
archer_a-ridge:2015,ridge,author,1,,
archer_a:2013,archer_a,author,0,,
archer_a:2015,archer_a,author,0,,
archer_a:2016,archer_a,author,0,,
archer_a:2018,archer_a,author,0,,
archer_a:2018a,archer_a,author,0,,
archer_av:2015,archer_av,author,0,,
archer_av:2016,archer_av,author,0,,
archer_av:2018,archer_av,author,0,,
archer_c-etal:2013,archer_c,editor,0,,
archer_c-etal:2013,ephraim_l,editor,1,,
archer_c-etal:2013,maxwell_l,editor,2,,
archer_c-etal:2013a,archer_c,author,0,,
archer_c-etal:2013a,ephraim_l,author,1,,
archer_c-etal:2013a,maxwell_l,author,2,,
archer_e:2018,archer_e,author,0,,
archer_j-lloyd:2002,archer_j,author,0,,
archer_j-lloyd:2002,lloyd_b,author,1,,
archer_j:2015,archer_j,author,0,,
archer_lj-etal:1994,archer_lj,editor,0,,
archer_lj-etal:1994,fischler_s,editor,1,,
archer_lj-etal:1994,wyke_m,editor,2,,
archer_m-outhwaite:2007,archer_m,editor,0,,
archer_m-outhwaite:2007,outhwaite,editor,1,,
archibugi-pease:2018,archibugi,author,0,,
archibugi-pease:2018,pease_a,author,1,,
arciszewski:2009,arciszewski,author,0,,
arciszewski:2013,arciszewski,author,0,,
arcos_ea:1970,arcos_ea,author,0,,
arcos_ea:1974,arcos_ea,author,0,,
arcos_hi-pereira:2007,arcos_hi,author,0,,
arcos_hi-pereira:2007,pereira_jg,author,1,,
ard:1977,ard,author,0,,
ardal:1977,ardal,author,0,,
ardal:1989,ardal,author,0,,
ardal:1998,ardal,author,0,,
ardenne:2002,ardenne,author,0,,
ardeshir:1999,ardeshir,author,0,,
ardilli_d:2006,ardilli_d,author,0,,
ardito_l-murungi:2016,ardito_l,editor,0,,
ardito_l-murungi:2016,murungi_j,editor,1,,
ardley:1959,ardley,author,0,,
ardley:1982,ardley,author,0,,
ardohain:2000,ardohain,author,0,,
ardourel-barberousse:2017,ardourel,author,0,,
ardourel-barberousse:2017,barberousse,author,1,,
ardourel:2014,ardourel,author,0,,
ardourel:2015,ardourel,author,0,,
ardourel:2018,ardourel,author,0,,
arecchi_ft:2003,arecchi_ft,author,0,,
areces-bernardi:2004,areces,author,0,,
areces-bernardi:2004,bernardi_r,author,1,,
areces-blackburn:2002,areces,author,0,,
areces-blackburn:2002,blackburn_p,author,1,,
areces-derijke:2002,areces,author,0,,
areces-derijke:2002,derijke,author,1,,
areces-diana:2023,areces,author,0,,
areces-diana:2023,costa_di,author,1,,
areces-etal:2000,areces,author,0,,
areces-etal:2000,hoogland_e,author,1,,
areces-etal:2000,dejongh,author,2,,
areces-etal:2001,areces,author,0,,
areces-etal:2001,blackburn_p,author,1,,
areces-etal:2001,marx_m,author,2,,
areces-goldblatt_rl:2008,areces,editor,0,,
areces-goldblatt_rl:2008,goldblatt_rl,editor,1,,
areces-tencate:2007,areces,author,0,,
areces-tencate:2007,tencate,author,1,,
arechiga:1996,arechiga,author,0,,
arenas:1996,arenas,author,0,,
arends_f:2007,arends_f,author,0,,
arendt_h:1951,arendt_h,author,0,,
arendt_h:1964,arendt_h,author,0,,
arendt_h:1967,arendt_h,author,0,,
arendt_h:1978,arendt_h,author,0,,
arendt_h:2005,arendt_h,author,0,,
arendt_h:2005a,arendt_h,author,0,,
arenhart-arroyo:2023,arenhart,author,0,,
arenhart-arroyo:2023,arroyo_r,author,1,,
arens_b:1985,arens_b,author,0,,
arens_e:2019,arens_e,author,0,,
arens_h:1990,arens_h,author,0,,
arens_k:2010,arens_k,author,0,,
arens_k:2013,arens_k,author,0,,
arens_pe:2010,arens_pe,author,0,,
arens_y-etal:1992,arens_y,author,0,,
arens_y-etal:1992,dale_r,author,1,,
arens_y-etal:1992,kerpedjiev,author,2,,
arens_y-etal:1992,mckeown_k,author,3,,
arens_y-etal:1992,stock_o,author,4,,
arens_y-etal:1992,wahlster,author,5,,
arens_y-etal:1993,arens_y,author,0,,
arens_y-etal:1993,chee_cy,author,1,,
arens_y-etal:1993,hsu_cn,author,2,,
arens_y-etal:1993,knoblock,author,3,,
arens_y:1992,arens_y,author,0,,
arenson:2011,arenson,author,0,,
arenson:2020,arenson,editor,0,,
arenson:2020a,arenson,author,0,,
arestis_p-sawyer:2005,arestis_p,author,0,,
arestis_p-sawyer:2005,sawyer_m,author,1,,
arestis_p-sawyer:2005a,arestis_p,author,0,,
arestis_p-sawyer:2005a,sawyer_m,author,1,,
aretoulaki-ludwig:1999,aretoulaki,author,0,,
aretoulaki-ludwig:1999,ludwig_b,author,1,,
arezzo_a:2008,arezzo_a,author,0,,
arfini_s-magnani:2015,arfini_s,author,0,,
arfini_s-magnani:2015,magnani_l,author,1,,
arfini_s-magnani:2022,arfini_s,author,0,,
arfini_s-magnani:2022,magnani_l,author,1,,
argamonengenson-etal:1998,argamonengenson,author,0,,
argamonengenson-etal:1998,kraus_s,author,1,,
argamonengenson-etal:1998,sina_s,author,2,,
argamonengenson-etal:1998a,argamonengenson,author,0,,
argamonengenson-etal:1998a,dagan_i,author,1,,
argamonengenson-etal:1998a,krymolowski,author,2,,
argandona:2016,argandona,author,0,,
argandona:2018,argandona,author,0,,
argentieri-etal:2012,argentieri,author,0,,
argentieri-etal:2012,bassi_a,author,1,,
argentieri-etal:2012,pecere,author,2,,
arguillere:2015,arguillere,author,0,,
argyle-cook:1976,argyle,author,0,,
argyle-cook:1976,cook_m,author,1,,
argyle-trower:1979,argyle,author,0,,
argyle-trower:1979,trower_p,author,1,,
argyle:1975,argyle,author,0,,
argyle:1975a,argyle,author,0,,
argyle:1976,argyle,author,0,,
argyle:1991,argyle,author,0,,
argyle:1992,argyle,author,0,,
argyri:2025,argyri,author,0,,
argyros:1990,argyros,author,0,,
arhem-lilienstrom:1997,arhem,author,0,,
arhem-lilienstrom:1997,lilienstrom_h,author,1,,
arhem:1996,arhem,author,0,,
arias_a:2010,arias_a,author,0,,
ariasalbisu:2018,ariasalbisu,author,0,,
arico-fallis:2013,arico,author,0,,
arico-fallis:2013,fallis_d,author,1,,
ariel_m:2006,ariel_m,author,0,,
ariel_m:2017,ariel_m,author,0,,
arieli-avron:1996,arieli,author,0,,
arieli-avron:1996,avron,author,1,,
arieli-avron:1998,arieli,author,0,,
arieli-avron:1998,avron,author,1,,
ariew_a-etal:2002,ariew_a,editor,0,,
ariew_a-etal:2002,cummins_r,editor,1,,
ariew_a-etal:2002,perlman_m,editor,2,,
ariew_a-perlman:2002,ariew_a,author,0,,
ariew_a-perlman:2002,perlman_m,author,1,,
ariew_a:1996,ariew_a,author,0,,
ariew_a:1998,ariew_a,author,0,,
ariew_a:2002,ariew_a,author,0,,
ariew_a:2003,ariew_a,author,0,,
ariew_a:2007,ariew_a,author,0,,
ariew_a:2008,ariew_a,author,0,,
ariew_r-barker:1986,ariew_r,author,0,,
ariew_r-barker:1986,barker_p,author,1,,
ariew_r-etal:1998,ariew_r,editor,0,,
ariew_r-etal:1998,cottingham,editor,1,,
ariew_r-etal:1998,sorell,editor,2,,
ariew_r-etal:2003,ariew_r,editor,0,,
ariew_r-etal:2003,deschene,editor,1,,
ariew_r-etal:2003,jesseph,editor,2,,
ariew_r-etal:2003,schmaltz,editor,3,,
ariew_r-etal:2003,verbeek_t,editor,4,,
ariew_r-gabbey:1998,ariew_r,author,0,,
ariew_r-gabbey:1998,gabbey,author,1,,
ariew_r-grene:1995,ariew_r,editor,0,,
ariew_r-grene:1995,grene_m,editor,1,,
ariew_r-grene:1995a,ariew_r,author,0,,
ariew_r-grene:1995a,grene_m,author,1,,
ariew_r:1983,ariew_r,author,0,,
ariew_r:1987,ariew_r,author,0,,
ariew_r:1987a,ariew_r,author,0,,
ariew_r:1992,ariew_r,author,0,,
ariew_r:1992a,ariew_r,author,0,,
ariew_r:1992b,ariew_r,author,0,,
ariew_r:1992c,ariew_r,author,0,,
ariew_r:1994,ariew_r,author,0,,
ariew_r:1994a,ariew_r,author,0,,
ariew_r:1996,ariew_r,author,0,,
ariew_r:1996a,ariew_r,author,0,,
ariew_r:1997,ariew_r,author,0,,
ariew_r:1999,ariew_r,author,0,,
ariew_r:1999a,ariew_r,author,0,,
ariew_r:2001,ariew_r,author,0,,
ariew_r:2006,ariew_r,author,0,,
ariew_r:2006a,ariew_r,author,0,,
ariew_r:2006b,ariew_r,author,0,,
ariew_r:2010,ariew_r,author,0,,
ariew_r:2011,ariew_r,author,0,,
ariew_r:2011a,ariew_r,author,0,,
ariew_r:2012a,ariew_r,author,0,,
ariew_r:2013,ariew_r,author,0,,
ariew_r:2015,ariew_r,author,0,,
ariew_r:2015a,ariew_r,author,0,,
ariew_r:2016,ariew_r,author,0,,
arifuku:2001,arifuku,author,0,,
arikan:1990,arikan,editor,0,,
arikha:2005,arikha,author,0,,
arinoverdu:1991,arinoverdu,author,0,,
ariotti:1975,ariotti,author,0,,
aris_ma:2008,aris_ma,author,0,,
ariso_jm:2017,ariso_jm,editor,0,,
aristarkhova:2012,aristarkhova,author,0,,
aristodemou_m:2014,aristodemou_m,author,0,,
aristotle:1845,aristotle,author,0,{Aristotle},
aristotle:1848,aristotle,author,0,{Aristotle},
aristotle:1849,aristotle,author,0,{Aristotle},
aristotle:1877,aristotle,author,0,{Aristotle},
aristotle:1877a,aristotle,author,0,{Aristotle},
aristotle:1877b,aristotle,author,0,{Aristotle},
aristotle:1890,aristotle,author,0,{Aristotle},
aristotle:1894,aristotle,author,0,{Aristotle},
aristotle:1907,aristotle,author,0,{Aristotle},
aristotle:1911,aristotle,author,0,{Aristotle},
aristotle:1924,aristotle,author,0,{Aristotle},
aristotle:1929,aristotle,author,0,{Aristotle},
aristotle:1929a,aristotle,author,0,{Aristotle},
aristotle:1936,aristotle,author,0,{Aristotle},
aristotle:1936a,aristotle,author,0,{Aristotle},
aristotle:1936b,aristotle,author,0,{Aristotle},
aristotle:1937,aristotle,author,0,{Aristotle},
aristotle:1949,aristotle,author,0,{Aristotle},
aristotle:1949a,aristotle,author,0,{Aristotle},
aristotle:1950,aristotle,author,0,{Aristotle},
aristotle:1956,aristotle,author,0,{Aristotle},
aristotle:1957,aristotle,author,0,{Aristotle},
aristotle:1957a,aristotle,author,0,{Aristotle},
aristotle:1957b,aristotle,author,0,{Aristotle},
aristotle:1958,aristotle,author,0,{Aristotle},
aristotle:1959,aristotle,author,0,{Aristotle},
aristotle:1960,aristotle,author,0,{Aristotle},
aristotle:1963,aristotle,author,0,{Aristotle},
aristotle:1963a,aristotle,author,0,{Aristotle},
aristotle:1963b,aristotle,author,0,{Aristotle},
aristotle:1963c,aristotle,author,0,{Aristotle},
aristotle:1964,aristotle,author,0,{Aristotle},
aristotle:1966,aristotle,author,0,{Aristoteles},
aristotle:1968,aristotle,author,0,{Aristotle},
aristotle:1968a,aristotle,author,0,{Aristotle},
aristotle:1975,aristotle,author,0,{Aristotle},
aristotle:1978,aristotle,author,0,{Aristotle},
aristotle:1978a,aristotle,author,0,{Aristoteles},
aristotle:1980,aristotle,author,0,{Aristoteles},
aristotle:1982,aristotle,author,0,{Aristotle},
aristotle:1982a,aristotle,author,0,{Aristotle},
aristotle:1984,aristotle,author,0,{Aristotle},
aristotle:1984a,aristotle,author,0,{Aristotle},
aristotle:1987,aristotle,author,0,{Aristoteles},
aristotle:1987a,aristotle,author,0,{Aristotle},
aristotle:1988,aristotle,author,0,{Aristoteles},
aristotle:1988a,aristotle,author,0,{Aristotle},
aristotle:1989,aristotle,author,0,{Aristotle},
aristotle:1991,aristotle,editor,0,{Aristotle},
aristotle:1991a,aristotle,editor,0,{Aristotle},
aristotle:1992,aristotle,author,0,{Aristotle},
aristotle:1992a,aristotle,author,0,{Aristotle},
aristotle:1992b,aristotle,author,0,{Aristotle},
aristotle:1993,aristotle,author,0,{Aristotle},
aristotle:1993a,aristotle,author,0,{Aristotle},
aristotle:1993b,aristotle,author,0,{Aristotle},
aristotle:1993c,aristotle,author,0,{Aristotle},
aristotle:1993d,aristotle,author,0,{Aristotle},
aristotle:1994,aristotle,author,0,{Aristotle},
aristotle:1994a,aristotle,author,0,{Aristotle},
aristotle:1995,aristotle,author,0,{Aristotle},
aristotle:1995a,aristotle,author,0,{Aristotle},
aristotle:1995b,aristotle,author,0,{Aristotle},
aristotle:1995c,aristotle,author,0,{Aristotle},
aristotle:1995d,aristotle,author,0,{Aristote},
aristotle:1996,aristotle,author,0,{Aristotle},
aristotle:1997,aristotle,author,0,{Aristotle},
aristotle:1997a,aristotle,author,0,{Aristotle},
aristotle:1997b,aristotle,author,0,{Aristotle},
aristotle:1998,aristotle,author,0,{Aristotle},
aristotle:1999,aristotle,author,0,{Aristotle},
aristotle:1999a,aristotle,author,0,{Aristotle},
aristotle:1999b,aristotle,author,0,{Aristotle},
aristotle:2000,aristotle,author,0,{Aristotle},
aristotle:2001,aristotle,author,0,{Aristotle},
aristotle:2001a,aristotle,author,0,{Aristote},
aristotle:2001b,aristotle,author,0,{Aristote},
aristotle:2002,aristotle,author,0,{Aristote},
aristotle:2002a,aristotle,author,0,{Aristoteles},
aristotle:2004,aristotle,author,0,{Aristote},
aristotle:2004a,aristotle,author,0,{Aristote},
aristotle:2005,aristotle,author,0,{Aristotle},
aristotle:2005a,aristotle,author,0,{Aristote},
aristotle:2006,aristotle,author,0,{Aristotle},
aristotle:2006a,aristotle,author,0,{Aristotle},
aristotle:2006b,aristotle,author,0,{Aristotle},
aristotle:2007,aristotle,author,0,{Aristote},
aristotle:2009,aristotle,author,0,{Aristoteles},
aristotle:2009a,aristotle,author,0,{Aristotle},
aristotle:2011,aristotle,author,0,{Aristotle},
aristotle:2014,aristotle,author,0,{Aristotle},
aristotle:2014a,aristotle,author,0,{Aristote},
aristotle:2015,aristotle,author,0,{Aristote},
aristotle:2016,aristotle,author,0,{Aristotle},
aristotle:2018,aristotle,author,0,{Aristotle},
aristotle:2018a,aristotle,author,0,,
aristotle:2019,aristotle,author,0,{Aristote},
arjab:1987,arjab,author,0,,
arjo:1996,arjo,author,0,,
arkes:1992,arkes,author,0,,
arkes:2010,arkes,author,0,,
arkonovich:2001,arkonovich,author,0,,
arkonovich:2007,arkonovich,author,0,,
arkonovich:2013,arkonovich,author,0,,
arkoudas-bringsjord:2014,arkoudas,author,0,,
arkoudas-bringsjord:2014,bringsford,author,1,,
arkoun:2005,arkoun,author,0,,
arkway:2000,arkway,author,0,,
arlig:2005,arlig,author,0,,
arlig:2006,arlig,author,0,,
arlig:2009,arlig,author,0,,
arlig:2011,arlig,author,0,,
arlig:2011a,arlig,author,0,,
arlig:2012a,arlig,author,0,,
arlig:2013,arlig,author,0,,
arlig:2014,arlig,author,0,,
arlig:2015,arlig,author,0,,
arlig:2017a,arlig,author,0,,
arlig:2017b,arlig,author,0,,
arlig:2019,arlig,author,0,,
arlig:2021,arlig,author,0,,
arlig:2023,arlig,author,0,,
arlocosta-bicchieri:1998,arlocosta,author,0,,
arlocosta-bicchieri:1998,bicchieri,author,1,,
arlocosta-etal:1995,arlocosta,author,0,,
arlocosta-etal:1995,collins_af,author,1,,
arlocosta-etal:1995,levi_i,author,2,,
arlocosta-ferme:2010,arlocosta,author,0,,
arlocosta-ferme:2010,ferme_el,author,1,,
arlocosta-levi:1996,arlocosta,author,0,,
arlocosta-levi:1996,levi_i,author,1,,
arlocosta-pacuit:2001,arlocosta,author,0,,
arlocosta-pacuit:2001,pacuit,author,1,,
arlocosta-parikh:1998,arlocosta,author,0,,
arlocosta-parikh:1998,parikh_r,author,1,,
arlocosta-parikh:1999,arlocosta,author,0,,
arlocosta-parikh:1999,parikh_r,author,1,,
arlocosta-parikh:2000,arlocosta,author,0,,
arlocosta-parikh:2000,parikh_r,author,1,,
arlocosta-pedersen:2011,arlocosta,author,0,,
arlocosta-pedersen:2011,pedersen_ap,author,1,,
arlocosta-pedersen:2011a,arlocosta,author,0,,
arlocosta-pedersen:2011a,pedersen_ap,author,1,,
arlocosta-pedersen:2013,arlocosta,author,0,,
arlocosta-pedersen:2013,pedersen_ap,author,1,,
arlocosta-shapiro:1992,arlocosta,author,0,,
arlocosta-shapiro:1992,shapiro_scj,author,1,,
arlocosta-thomason:2001,arlocosta,author,0,,
arlocosta-thomason:2001,thomason_rh,author,1,,
arlocosta:1995,arlocosta,author,0,,
arlocosta:1999,arlocosta,author,0,,
arlocosta:1999a,arlocosta,author,0,,
arlocosta:2000,arlocosta,author,0,,
arlocosta:2000a,arlocosta,author,0,,
arlocosta:2000b,arlocosta,author,0,,
arlocosta:2000c,arlocosta,author,0,,
arlocosta:2001,arlocosta,author,0,,
arlocosta:2001a,arlocosta,author,0,,
arlocosta:2001b,arlocosta,author,0,,
arlocosta:2002,arlocosta,author,0,,
arlocosta:2003,arlocosta,author,0,,
arlocosta:2006,arlocosta,author,0,,
arlocosta:2006a,arlocosta,author,0,,
arlocosta:2007,arlocosta,author,0,,
arlotdecumond:1980,arlotdecumond,author,0,,
arlt_r:1971,arlt_r,author,0,,
armado-ranise:1998,armado,author,0,,
armado-ranise:1998,ranise_s,author,1,,
armando:1986,armando,editor,0,,
armbruster-boge:1979,armbruster,author,0,,
armbruster-boge:1979,boge_w,author,1,,
armendt-zollman:2010,armendt,author,0,,
armendt-zollman:2010,zollman,author,1,,
armendt:1986,armendt,author,0,,
armendt:1988,armendt,author,0,,
armendt:1988a,armendt,author,0,,
armendt:1992,armendt,author,0,,
armendt:1993,armendt,author,0,,
armendt:2001,armendt,author,0,,
armendt:2008,armendt,author,0,,
armendt:2010,armendt,author,0,,
armendt:2014,armendt,author,0,,
armengaud:1985,armengaud,author,0,,
armengaud:1985a,armengaud,author,0,,
armigliati_r:2009,armigliati_r,author,0,,
arminger:1983,arminger,author,0,,
armitage-roberts:2016,armitage,editor,0,,
armitage-roberts:2016,roberts_jo,editor,1,,
armogathe-belgioioso:1994,armogathe,editor,0,,
armogathe-belgioioso:1994,belgioioso,editor,1,,
armogathe-belgioioso:1996,armogathe,editor,0,,
armogathe-belgioioso:1996,belgioioso,editor,1,,
armogathe-carraud:2003,armogathe,author,0,,
armogathe-carraud:2003,carraud,author,1,,
armogathe-carraud:2003a,armogathe,author,0,,
armogathe-carraud:2003a,carraud,author,1,,
armogathe-etal:1999,armogathe,editor,0,,
armogathe-etal:1999,belgioioso,editor,1,,
armogathe-etal:1999,vinti_c,editor,2,,
armogathe:1977,armogathe,author,0,,
armogathe:1987,armogathe,author,0,,
armogathe:1994a,armogathe,author,0,,
armogathe:1995,armogathe,author,0,,
armogathe:1996,armogathe,author,0,,
armogathe:1997,armogathe,author,0,,
armogathe:1998,armogathe,author,0,,
armogathe:1998a,armogathe,author,0,,
armogathe:1999,armogathe,author,0,,
armogathe:2000,armogathe,author,0,,
armogathe:2000a,armogathe,author,0,,
armogathe:2001,armogathe,author,0,,
armogathe:2001a,armogathe,author,0,,
armogathe:2001b,armogathe,author,0,,
armogathe:2001c,armogathe,author,0,,
armogathe:2003,armogathe,author,0,,
armogathe:2005,armogathe,author,0,,
armogathe:2007,armogathe,author,0,,
armogathe:2009,armogathe,author,0,,
armour_et:2001,armour_et,author,0,,
armour_et:2010,armour_et,author,0,,
armour_l-johnston:1997,armour_l,author,0,,
armour_l-johnston:1997,johnston_su,author,1,,
armour_l-singh:1986,armour_l,author,0,,
armour_l-singh:1986,singh_c,author,1,,
armour_l:1994,armour_l,author,0,,
armour_l:1996,armour_l,author,0,,
armour_l:1996a,armour_l,author,0,,
armour_l:1996b,armour_l,author,0,,
armour_l:2000,armour_l,author,0,,
armour_l:2003,armour_l,author,0,,
armour_l:2003a,armour_l,author,0,,
armour_l:2005,armour_l,author,0,,
armour_l:2005a,armour_l,author,0,,
armour_l:2007,armour_l,author,0,,
armour_l:2008,armour_l,author,0,,
armour_l:2016,armour_l,author,0,,
armourgarb-beall:2005,armourgarb,editor,0,,
armourgarb-beall:2005,beall,editor,1,,
armourgarb-beall:2005a,armourgarb,author,0,,
armourgarb-beall:2005a,beall,author,1,,
armourgarb-beall:2005b,armourgarb,author,0,,
armourgarb-beall:2005b,beall,author,1,,
armourgarb-etal:2021,armourgarb,author,0,,
armourgarb-etal:2021,stoljar_d,author,1,,
armourgarb-etal:2021,woodbridge_ja,author,2,,
armourgarb-kroon:2020,armourgarb,editor,0,,
armourgarb-kroon:2020,kroon_fw,editor,1,,
armourgarb-unger:2017,armourgarb,author,0,,
armourgarb-unger:2017,unger_p,author,1,,
armourgarb-woodbridge:2010,armourgarb,author,0,,
armourgarb-woodbridge:2010,woodbridge_ja,author,1,,
armourgarb-woodbridge:2010a,armourgarb,author,0,,
armourgarb-woodbridge:2010a,woodbridge_ja,author,1,,
armourgarb-woodbridge:2012,armourgarb,author,0,,
armourgarb-woodbridge:2012,woodbridge_ja,author,1,,
armourgarb-woodbridge:2013,armourgarb,author,0,,
armourgarb-woodbridge:2013,woodbridge_ja,author,1,,
armourgarb-woodbridge:2014,armourgarb,author,0,,
armourgarb-woodbridge:2014,woodbridge_ja,author,1,,
armourgarb-woodbridge:2015,armourgarb,author,0,,
armourgarb-woodbridge:2015,woodbridge_ja,author,1,,
armourgarb-woodbridge:2015a,armourgarb,author,0,,
armourgarb-woodbridge:2015a,woodbridge_ja,author,1,,
armourgarb-woodbridge:2018,armourgarb,author,0,,
armourgarb-woodbridge:2018,woodbridge_ja,author,1,,
armourgarb-woodbridge:2018a,armourgarb,author,0,,
armourgarb-woodbridge:2018a,woodbridge_ja,author,1,,
armourgarb:2003,armourgarb,author,0,,
armourgarb:2004,armourgarb,author,0,,
armourgarb:2005,armourgarb,author,0,,
armourgarb:2007,armourgarb,author,0,,
armourgarb:2008,armourgarb,author,0,,
armourgarb:2010,armourgarb,author,0,,
armourgarb:2010a,armourgarb,author,0,,
armourgarb:2011,armourgarb,author,0,,
armourgarb:2011a,armourgarb,author,0,,
armourgarb:2011b,armourgarb,author,0,,
armourgarb:2012,armourgarb,author,0,,
armourgarb:2012a,armourgarb,author,0,,
armourgarb:2012b,armourgarb,author,0,,
armourgarb:2012c,armourgarb,author,0,,
armourgarb:2013,armourgarb,author,0,,
armourgarb:2015,armourgarb,author,0,,
armourgarb:2017,armourgarb,editor,0,,
armourgarb:2017a,armourgarb,author,0,,
armstrong_ac:1909,armstrong_ac,author,0,,
armstrong_ae:2007,armstrong_ae,author,0,,
armstrong_ah:1947,armstrong_ah,author,0,,
armstrong_ah:1967,armstrong_ah,editor,0,,
armstrong_ah:1967a,armstrong_ah,author,0,,
armstrong_ah:1967c,armstrong_ah,author,0,,
armstrong_ah:1967d,armstrong_ah,author,0,,
armstrong_ah:1989,armstrong_ah,author,0,,
armstrong_ah:1991,armstrong_ah,author,0,,
armstrong_am-dienes:2013,armstrong_am,author,0,,
armstrong_am-dienes:2013,dienes_z,author,1,,
armstrong_bf:1992,armstrong_bf,author,0,,
armstrong_bf:1995,armstrong_bf,author,0,,
armstrong_c:2009,armstrong_c,author,0,,
armstrong_c:2018,armstrong_c,author,0,,
armstrong_c:2019,armstrong_c,author,0,,
armstrong_d:2009,armstrong_d,author,0,,
armstrong_df-etal:1995,armstrong_df,author,0,,
armstrong_df-etal:1995,stokoe_wc,author,1,,
armstrong_df-etal:1995,wilcox_sh,author,2,,
armstrong_df:1999,armstrong_df,author,0,,
armstrong_dm-etal:1992,armstrong_dm,author,0,,
armstrong_dm-etal:1992,martin_cb,author,1,,
armstrong_dm-etal:1992,place,author,2,,
armstrong_dm-etal:1996,armstrong_dm,author,0,,
armstrong_dm-etal:1996,martin_cb,author,1,,
armstrong_dm-etal:1996,place,author,2,,
armstrong_dm-malcolm:1984,armstrong_dm,author,0,,
armstrong_dm-malcolm:1984,malcolm_n,author,1,,
armstrong_dm-mccall:1989,armstrong_dm,author,0,,
armstrong_dm-mccall:1989,mccall_s,author,1,,
armstrong_dm-place:1991,armstrong_dm,author,0,,
armstrong_dm-place:1991,place,author,1,,
armstrong_dm-spann:1965,armstrong_dm,author,0,,
armstrong_dm-spann:1965,spann_rn,author,1,,
armstrong_dm:1954,armstrong_dm,author,0,,
armstrong_dm:1955,armstrong_dm,author,0,,
armstrong_dm:1960,armstrong_dm,author,0,,
armstrong_dm:1961,armstrong_dm,author,0,,
armstrong_dm:1962,armstrong_dm,author,0,,
armstrong_dm:1963,armstrong_dm,author,0,,
armstrong_dm:1963a,armstrong_dm,author,0,,
armstrong_dm:1963b,armstrong_dm,author,0,,
armstrong_dm:1963c,armstrong_dm,author,0,,
armstrong_dm:1964,armstrong_dm,author,0,,
armstrong_dm:1965,armstrong_dm,author,0,,
armstrong_dm:1965a,armstrong_dm,author,0,,
armstrong_dm:1966,armstrong_dm,author,0,,
armstrong_dm:1968,armstrong_dm,author,0,,
armstrong_dm:1968a,armstrong_dm,author,0,,
armstrong_dm:1968b,armstrong_dm,author,0,,
armstrong_dm:1969,armstrong_dm,author,0,,
armstrong_dm:1969a,armstrong_dm,author,0,,
armstrong_dm:1969b,armstrong_dm,author,0,,
armstrong_dm:1971,armstrong_dm,author,0,,
armstrong_dm:1972,armstrong_dm,author,0,,
armstrong_dm:1973,armstrong_dm,author,0,,
armstrong_dm:1973a,armstrong_dm,author,0,,
armstrong_dm:1973b,armstrong_dm,author,0,,
armstrong_dm:1973c,armstrong_dm,author,0,,
armstrong_dm:1974,armstrong_dm,author,0,,
armstrong_dm:1975,armstrong_dm,author,0,,
armstrong_dm:1976,armstrong_dm,author,0,,
armstrong_dm:1976a,armstrong_dm,author,0,,
armstrong_dm:1976b,armstrong_dm,author,0,,
armstrong_dm:1976c,armstrong_dm,author,0,,
armstrong_dm:1977,armstrong_dm,author,0,,
armstrong_dm:1977a,armstrong_dm,author,0,,
armstrong_dm:1977b,armstrong_dm,author,0,,
armstrong_dm:1977c,armstrong_dm,author,0,,
armstrong_dm:1978,armstrong_dm,author,0,,
armstrong_dm:1978a,armstrong_dm,author,0,,
armstrong_dm:1978b,armstrong_dm,author,0,,
armstrong_dm:1979,armstrong_dm,author,0,,
armstrong_dm:1979b,armstrong_dm,author,0,,
armstrong_dm:1980,armstrong_dm,author,0,,
armstrong_dm:1980a,armstrong_dm,author,0,,
armstrong_dm:1980b,armstrong_dm,author,0,,
armstrong_dm:1982,armstrong_dm,author,0,,
armstrong_dm:1982a,armstrong_dm,author,0,,
armstrong_dm:1983,armstrong_dm,author,0,,
armstrong_dm:1983a,armstrong_dm,author,0,,
armstrong_dm:1983b,armstrong_dm,author,0,,
armstrong_dm:1984,armstrong_dm,author,0,,
armstrong_dm:1984a,armstrong_dm,author,0,,
armstrong_dm:1984b,armstrong_dm,author,0,,
armstrong_dm:1984c,armstrong_dm,author,0,,
armstrong_dm:1984e,armstrong_dm,author,0,,
armstrong_dm:1984f,armstrong_dm,author,0,,
armstrong_dm:1984g,armstrong_dm,author,0,,
armstrong_dm:1984h,armstrong_dm,author,0,,
armstrong_dm:1986,armstrong_dm,author,0,,
armstrong_dm:1986a,armstrong_dm,author,0,,
armstrong_dm:1987,armstrong_dm,author,0,,
armstrong_dm:1987a,armstrong_dm,author,0,,
armstrong_dm:1988,armstrong_dm,author,0,,
armstrong_dm:1988a,armstrong_dm,author,0,,
armstrong_dm:1988b,armstrong_dm,author,0,,
armstrong_dm:1988c,armstrong_dm,author,0,,
armstrong_dm:1989,armstrong_dm,author,0,,
armstrong_dm:1989a,armstrong_dm,author,0,,
armstrong_dm:1989b,armstrong_dm,author,0,,
armstrong_dm:1991,armstrong_dm,author,0,,
armstrong_dm:1991a,armstrong_dm,author,0,,
armstrong_dm:1991b,armstrong_dm,author,0,,
armstrong_dm:1991c,armstrong_dm,author,0,,
armstrong_dm:1991d,armstrong_dm,author,0,,
armstrong_dm:1992,armstrong_dm,author,0,,
armstrong_dm:1992a,armstrong_dm,author,0,,
armstrong_dm:1993,armstrong_dm,author,0,,
armstrong_dm:1993a,armstrong_dm,author,0,,
armstrong_dm:1993b,armstrong_dm,author,0,,
armstrong_dm:1993c,armstrong_dm,author,0,,
armstrong_dm:1993d,armstrong_dm,author,0,,
armstrong_dm:1993e,armstrong_dm,author,0,,
armstrong_dm:1993f,armstrong_dm,author,0,,
armstrong_dm:1993g,armstrong_dm,author,0,,
armstrong_dm:1993h,armstrong_dm,author,0,,
armstrong_dm:1993i,armstrong_dm,author,0,,
armstrong_dm:1993j,armstrong_dm,author,0,,
armstrong_dm:1993k,armstrong_dm,author,0,,
armstrong_dm:1993l,armstrong_dm,author,0,,
armstrong_dm:1995a,armstrong_dm,author,0,,
armstrong_dm:1995b,armstrong_dm,author,0,,
armstrong_dm:1995c,armstrong_dm,author,0,,
armstrong_dm:1995d,armstrong_dm,author,0,,
armstrong_dm:1995e,armstrong_dm,author,0,,
armstrong_dm:1995f,armstrong_dm,author,0,,
armstrong_dm:1995g,armstrong_dm,author,0,,
armstrong_dm:1996,armstrong_dm,author,0,,
armstrong_dm:1996a,armstrong_dm,author,0,,
armstrong_dm:1996b,armstrong_dm,author,0,,
armstrong_dm:1997,armstrong_dm,author,0,,
armstrong_dm:1997a,armstrong_dm,author,0,,
armstrong_dm:1997b,armstrong_dm,author,0,,
armstrong_dm:1997c,armstrong_dm,author,0,,
armstrong_dm:1999,armstrong_dm,author,0,,
armstrong_dm:1999a,armstrong_dm,author,0,,
armstrong_dm:1999c,armstrong_dm,author,0,,
armstrong_dm:1999d,armstrong_dm,author,0,,
armstrong_dm:1999e,armstrong_dm,author,0,,
armstrong_dm:1999f,armstrong_dm,author,0,,
armstrong_dm:2000,armstrong_dm,author,0,,
armstrong_dm:2000a,armstrong_dm,author,0,,
armstrong_dm:2001a,armstrong_dm,author,0,,
armstrong_dm:2001b,armstrong_dm,author,0,,
armstrong_dm:2002,armstrong_dm,author,0,,
armstrong_dm:2002a,armstrong_dm,author,0,,
armstrong_dm:2003,armstrong_dm,author,0,,
armstrong_dm:2003a,armstrong_dm,author,0,,
armstrong_dm:2004,armstrong_dm,author,0,,
armstrong_dm:2004a,armstrong_dm,author,0,,
armstrong_dm:2004d,armstrong_dm,author,0,,
armstrong_dm:2004e,armstrong_dm,author,0,,
armstrong_dm:2004f,armstrong_dm,author,0,,
armstrong_dm:2005,armstrong_dm,author,0,,
armstrong_dm:2005a,armstrong_dm,author,0,,
armstrong_dm:2006,armstrong_dm,author,0,,
armstrong_dm:2006a,armstrong_dm,author,0,,
armstrong_dm:2006b,armstrong_dm,author,0,,
armstrong_dm:2006c,armstrong_dm,author,0,,
armstrong_dm:2006d,armstrong_dm,author,0,,
armstrong_dm:2006e,armstrong_dm,author,0,,
armstrong_dm:2006f,armstrong_dm,author,0,,
armstrong_dm:2006g,armstrong_dm,author,0,,
armstrong_dm:2006h,armstrong_dm,author,0,,
armstrong_dm:2006i,armstrong_dm,author,0,,
armstrong_dm:2006j,armstrong_dm,author,0,,
armstrong_dm:2006k,armstrong_dm,author,0,,
armstrong_dm:2007,armstrong_dm,author,0,,
armstrong_dm:2007a,armstrong_dm,author,0,,
armstrong_dm:2007b,armstrong_dm,author,0,,
armstrong_dm:2009,armstrong_dm,author,0,,
armstrong_dm:2010,armstrong_dm,author,0,,
armstrong_dm:2010a,armstrong_dm,author,0,,
armstrong_dm:2012,armstrong_dm,author,0,,
armstrong_dm:2016,armstrong_dm,author,0,,
armstrong_dm:2023,armstrong_dm,author,0,,
armstrong_f:2020,armstrong_f,author,0,,
armstrong_j-lepore:2010,armstrong_j,author,0,,
armstrong_j-lepore:2010,lepore,author,1,,
armstrong_j-stanley:2011,armstrong_j,author,0,,
armstrong_j-stanley:2011,stanley_j,author,1,,
armstrong_jm:2004,armstrong_jm,author,0,,
armstrong_jo:2003,armstrong_jo,author,0,,
armstrong_jos:2016,armstrong_jos,author,0,,
armstrong_jos:2018,armstrong_jos,author,0,,
armstrong_km:2011,armstrong_km,author,0,,
armstrong_pb:1985,armstrong_pb,author,0,,
armstrong_rl:1969,armstrong_rl,author,0,,
armstrong_rl:1985,armstrong_rl,author,0,,
armstrong_s:2016,armstrong_s,author,0,,
armstrong_sl-etal:1983,armstrong_sl,author,0,,
armstrong_sl-etal:1983,gleitman_lr,author,1,,
armstrong_sl-etal:1983,gleitman_h,author,2,,
armstrongwarwic:1994,armstrongwarwic,author,0,,
armstrongwarwic:1994a,armstrongwarwic,editor,0,,
armstrongwarwic:1999,armstrongwarwic,editor,0,,
arnadottir-crane:2013,arnadottir,author,0,,
arnadottir-crane:2013,crane_t,author,1,,
arnadottir:2010,arnadottir,author,0,,
arnadottir:2015,arnadottir,author,0,,
arnague_m-etal:1993,arnague_m,editor,0,,
arnague_m-etal:1993,borillo_a,editor,1,,
arnague_m-etal:1993,borillo_m,editor,2,,
arnague_m-etal:1993,bras_e,editor,3,,
arnaiz:1991,arnaiz,author,0,,
arnaiz:1998,arnaiz,author,0,,
arnaldez_r:2015,arnaldez_r,author,0,,
arnason-nordal:2018,arnason,author,0,,
arnason-nordal:2018,nordal_s,author,1,,
arnaud_aj:2005a,arnaud_aj,author,0,,
arnaud_b:1975,arnaud_b,author,0,,
arnaud_s:2022,arnaud_s,author,0,,
arnaud_t:2002,arnaud_t,author,0,,
arnauld_a-nicole:1662,arnauld_a,author,0,,
arnauld_a-nicole:1662,nicole_p,author,1,,
arnauld_a-nicole:1992,arnauld_a,author,0,,
arnauld_a-nicole:1992,nicole_p,author,1,,
arnauld_a-nicole:1996,arnauld_a,author,0,,
arnauld_a-nicole:1996,nicole_p,author,1,,
arnauld_a:1990,arnauld_a,author,0,,
arnauld_a:2001,arnauld_a,author,0,,
arnauld_a:2011,arnauld_a,author,0,,
arnautu_r:2013,alexandrescu_v,guesteditor,0,,
arnautu_r:2013,arnautu_r,author,0,,
arndt_a:1993,arndt_a,author,0,,
arndt_a:1994,arndt_a,author,0,,
arndt_a:2008,arndt_a,author,0,,
arndt_a:2009,arndt_a,author,0,,
arndt_a:2020a,arndt_a,author,0,,
arndt_d:2019,arndt_d,author,0,,
arndt_hw:1971,arndt_hw,author,0,,
arndt_hw:1995,arndt_hw,author,0,,
arndt_m-tranchini:2014,arndt_m,author,0,,
arndt_m-tranchini:2014,tranchini_l,author,1,,
arneil_b-hirschmann:2016,arneil_b,author,0,,
arneil_b-hirschmann:2016,hirschmann_n,author,1,,
arneson_rj-shapiro:1996,arneson_rj,author,0,,
arneson_rj-shapiro:1996,shapiro_i,author,1,,
arneson_rj:1982,arneson_rj,author,0,,
arneson_rj:1989,arneson_rj,author,0,,
arneson_rj:1991,arneson_rj,author,0,,
arneson_rj:1993,arneson_rj,author,0,,
arneson_rj:2000,arneson_rj,author,0,,
arneson_rj:2001,arneson_rj,author,0,,
arneson_rj:2002,arneson_rj,author,0,,
arneson_rj:2002a,arneson_rj,author,0,,
arneson_rj:2003,arneson_rj,author,0,,
arneson_rj:2004,arneson_rj,author,0,,
arneson_rj:2004a,arneson_rj,author,0,,
arneson_rj:2004b,arneson_rj,author,0,,
arneson_rj:2005,arneson_rj,author,0,,
arneson_rj:2006,arneson_rj,author,0,,
arneson_rj:2006a,arneson_rj,author,0,,
arneson_rj:2007,arneson_rj,author,0,,
arneson_rj:2007a,arneson_rj,author,0,,
arneson_rj:2009,arneson_rj,author,0,,
arneson_rj:2009a,arneson_rj,author,0,,
arneson_rj:2010,arneson_rj,author,0,,
arneson_rj:2011,arneson_rj,author,0,,
arneson_rj:2012,arneson_rj,author,0,,
arneson_rj:2012a,arneson_rj,author,0,,
arneson_rj:2013,arneson_rj,author,0,,
arneson_rj:2013a,arneson_rj,author,0,,
arneson_rj:2014,arneson_rj,author,0,,
arneson_rj:2014a,arneson_rj,author,0,,
arneson_rj:2015,arneson_rj,author,0,,
arneson_rj:2015a,arneson_rj,author,0,,
arneson_rj:2016,arneson_rj,author,0,,
arneson_rj:2016a,arneson_rj,author,0,,
arneson_rj:2017,arneson_rj,author,0,,
arneson_rj:2017a,arneson_rj,author,0,,
arneson_rj:2018,arneson_rj,author,0,,
arneson_rj:2018a,arneson_rj,author,0,,
arneson_ro:2013,arneson_ro,author,0,,
arnhart:2012,arnhart,author,0,,
arnheim:1969,arnheim,author,0,,
arnheim:1994,arnheim,author,0,,
arni:1989,arni,author,0,,
arnold_al:2013,arnold_al,author,0,,
arnold_an-niwinski:2001,arnold_an,author,0,,
arnold_an-niwinski:2001,niwinski_d,author,1,,
arnold_bt:2022,arnold_bt,editor,0,,
arnold_cc:1986,arnold_cc,author,0,,
arnold_dg:1995,arnold_dg,author,0,,
arnold_dg:1995a,arnold_dg,author,0,,
arnold_dg:2001,arnold_dg,author,0,,
arnold_dg:2006,arnold_dg,author,0,,
arnold_dg:2009,arnold_dg,author,0,,
arnold_dg:2016,arnold_dg,author,0,,
arnold_dg:2023,arnold_dg,author,0,,
arnold_dj-etal:1994,arnold_dj,author,0,,
arnold_dj-etal:1994,balkan_l,author,1,,
arnold_dj-etal:1994,leehumphreys,author,2,,
arnold_dj-etal:1994,meijer_s,author,3,,
arnold_dj-etal:1994,sadler_l,author,4,,
arnold_e:1948,arnold_e,author,0,,
arnold_f:1905,arnold_f,author,0,,
arnold_f:1906,arnold_f,author,0,,
arnold_j-shapiro:2007,arnold_j,author,0,,
arnold_j-shapiro:2007,shapiro_s,author,1,,
arnold_jc-walter:2018,arnold_jc,author,0,,
arnold_jc-walter:2018,walter_t,author,1,,
arnold_jh:2014,arnold_jh,editor,0,,
arnold_k:1989,arnold_k,author,0,,
arnold_m:2003,arnold_m,author,0,,
arnold_m:2020,arnold_m,author,0,,
arnold_ns:1983,arnold_ns,author,0,,
arnold_t:2017,arnold_t,author,0,,
arnold_t:2020,arnold_t,author,0,,
arnold_v:1979,arnold_v,author,0,,
arnold_v:1989,arnold_v,author,0,,
arnon:1988,arnon,author,0,,
arnson:1994,arnson,author,0,,
arnsperger-Johnson:2011,arnsperger,author,0,,
arnsperger-Johnson:2011,johnson_wa,author,1,,
arnsperger:2003,arnsperger,author,0,,
arnswald:2002,arnswald,author,0,,
arntzen:1996,arntzen,author,0,,
arntzenius-hall:2003,arntzenius,author,0,,
arntzenius-hall:2003,hall_n,author,1,,
arntzenius-hawthorne:2005,arntzenius,author,0,,
arntzenius-hawthorne:2005,hawthorne_jo,author,1,,
arntzenius-maudlin:2000,arntzenius,author,0,,
arntzenius-maudlin:2000,maudlin,author,1,,
arntzenius-maudlin:2002,arntzenius,author,0,,
arntzenius-maudlin:2002,maudlin,author,1,,
arntzenius-maudlin:2005,arntzenius,author,0,,
arntzenius-maudlin:2005,maudlin,author,1,,
arntzenius-maudlin:2009,arntzenius,author,0,,
arntzenius-maudlin:2009,maudlin,author,1,,
arntzenius-mccarthy:1997,arntzenius,author,0,,
arntzenius-mccarthy:1997,mccarthy_da,author,1,,
arntzenius:1990,arntzenius,author,0,,
arntzenius:1993,arntzenius,author,0,,
arntzenius:1993a,arntzenius,author,0,,
arntzenius:1997,arntzenius,author,0,,
arntzenius:1998,arntzenius,author,0,,
arntzenius:1999,arntzenius,author,0,,
arntzenius:2000,arntzenius,author,0,,
arntzenius:2002,arntzenius,author,0,,
arntzenius:2003,arntzenius,author,0,,
arntzenius:2005,arntzenius,author,0,,
arntzenius:2006,arntzenius,author,0,,
arntzenius:2006a,arntzenius,author,0,,
arntzenius:2007,arntzenius,author,0,,
arntzenius:2008,arntzenius,author,0,,
arntzenius:2010,arntzenius,author,0,,
arntzenius:2011,arntzenius,author,0,,
arntzenius:2011a,arntzenius,author,0,,
arntzenius:2012,arntzenius,editor,0,,
arntzenius:2014,arntzenius,author,0,,
arom:1994,arom,author,0,,
aron_e:1996,aron_e,author,0,,
aron_j:2005,aron_j,author,0,,
aron_r:2004,aron_r,author,0,,
aron_r:2004a,aron_r,author,0,,
aron_r:2004b,aron_r,author,0,,
aron_r:2005,aron_r,author,0,,
aron_r:2005a,aron_r,author,0,,
aron_r:2005b,aron_r,author,0,,
aron_s:2016,aron_s,author,0,,
aronadio_f:2003,aronadio_f,author,0,,
aronadio_f:2008,aronadio_f,author,0,,
aronadio_f:2016,aronadio_f,author,0,,
aronadio_f:2017,aronadio_f,author,0,,
aroney:2014,aroney,author,0,,
aronis-provost:1995,aronis,author,0,,
aronis-provost:1995,provost_fj,author,1,,
aronis:1993,aronis,author,0,,
aronoff-etal:1984,aronoff,editor,0,,
aronoff-etal:1984,oehrle,editor,1,,
aronoff-etal:1984,kelley_fr,editor,2,,
aronoff-etal:1984,stephens_bw,editor,3,,
aronoff:1974,aronoff,author,0,,
aronoff:1976,aronoff,author,0,,
aronoff:1993,aronoff,author,0,,
aronowitz_s-roberts:2017,aronowitz_s,editor,0,,
aronowitz_s-roberts:2017,roberts_m,editor,1,,
aronowitz_s:2015,aronowitz_s,author,0,,
aronowitz_sa-lombrozo:2020,aronowitz_sa,author,0,,
aronowitz_sa-lombrozo:2020,lombrozo,author,1,,
aronowitz_sa:2023,aronowitz_sa,author,0,,
aronson_c-lewis:1970,aronson_c,author,0,,
aronson_c-lewis:1970,lewis_do,author,1,,
aronson_d:2018,aronson_d,author,0,,
aronson_jl:1971,aronson_jl,author,0,,
aronson_jl:1988,aronson_jl,author,0,,
aronson_jl:1990,aronson_jl,author,0,,
aronson_jl:1997,aronson_jl,author,0,,
aronson_r:1981,aronson_r,author,0,,
aronson_r:1987,aronson_r,author,0,,
aronson_r:1992,aronson_r,author,0,,
aronson_r:2005,aronson_r,author,0,,
aronson_r:2017,aronson_r,author,0,,
aronson_sh:1972,aronson_sh,author,0,,
arosio:2001,arosio,author,0,,
arp_r-etal:2015,arp_r,author,0,,
arp_r-etal:2015,smith_ba,author,1,,
arp_r-etal:2015,spear,author,2,,
arp_r-etal:2018,arp_r,editor,0,,
arp_r-etal:2018,barbone,editor,1,,
arp_r-etal:2018,bruce_m,editor,2,,
arp_r:1998,arp_r,author,0,,
arp_r:2007,arp_r,editor,0,,
arp_r:2007a,arp_r,author,0,,
arp_r:2012,arp_r,editor,0,,
arp_r:2013,arp_r,author,0,,
arpagaus_a:2025,alexandra-a,author,0,,
arpagaus_a:2025a,alexandra-a,author,0,,
arpaia:2006,arpaia,author,0,,
arpaly-schroeder:1999,arpaly,author,0,,
arpaly-schroeder:1999,schroeder_t,author,1,,
arpaly-schroeder:2012,arpaly,author,0,,
arpaly-schroeder:2012,schroeder_t,author,1,,
arpaly-schroeder:2014,arpaly,author,0,,
arpaly-schroeder:2014,schroeder_t,author,1,,
arpaly-schroeder:2015,arpaly,author,0,,
arpaly-schroeder:2015,schroeder_t,author,1,,
arpaly:2000,arpaly,author,0,,
arpaly:2003,arpaly,author,0,,
arpaly:2004,arpaly,author,0,,
arpaly:2005,arpaly,author,0,,
arpaly:2005a,arpaly,author,0,,
arpaly:2005b,arpaly,author,0,,
arpaly:2007,arpaly,author,0,,
arpaly:2007a,arpaly,author,0,,
arpaly:2007b,arpaly,author,0,,
arpaly:2011,arpaly,author,0,,
arpaly:2014,arpaly,author,0,,
arpaly:2015,arpaly,author,0,,
arpaly:2015a,arpaly,author,0,,
arpaly:2017,arpaly,author,0,,
arpaly:2018,arpaly,author,0,,
arpaly:2018a,arpaly,author,0,,
arpaly:2021,arpaly,author,0,,
arpaly:2023,arpaly,author,0,,
arranz_m:1974,arranz_m,author,0,,
arras-etal:2015,arras,editor,0,,
arras-etal:2015,fenton_e,editor,1,,
arras-etal:2015,kukla_qr,editor,2,,
arras:2005,arras,author,0,,
arras:2007,arras,author,0,,
arras:2009,arras,author,0,,
arras:2010,arras,author,0,,
arras:2015,arras,author,0,,
arras:2017,arras,author,0,,
arregi:2003,arregi,author,0,,
arregui_a-etal:2017,arregui_a,editor,0,,
arregui_a-etal:2017,rivero_ml,editor,1,,
arregui_a-etal:2017,salanova_a,editor,2,,
arregui_a-etal:2017a,arregui_a,author,0,,
arregui_a-etal:2017a,rivero_ml,author,1,,
arregui_a-etal:2017a,salanova_a,author,2,,
arregui_a-etal:2017b,arregui_a,author,0,,
arregui_a-etal:2017b,rivero_ml,author,1,,
arregui_a-etal:2017b,salanova_a,author,2,,
arregui_a:2007,arregui_a,author,0,,
arregui_a:2009,arregui_a,author,0,,
arregui_a:2010,arregui_a,author,0,,
arregui_a:2011,arregui_a,author,0,,
arregui_jv:1996,arregui_jv,author,0,,
arregui_jv:1996a,arregui_jv,author,0,,
arrell_r:2018,arrell_r,author,0,,
arrhenius-etal:2010,arrhenius,author,0,,
arrhenius-etal:2010,ryberg,author,1,,
arrhenius-etal:2010,taennsjoe,author,2,,
arrhenius-etal:2017,arrhenius,author,0,,
arrhenius-etal:2017,ryberg,author,1,,
arrhenius-etal:2017,taennsjoe,author,2,,
arrhenius-etal:2022,arrhenius,editor,0,,
arrhenius-etal:2022,bykvist,editor,1,,
arrhenius-etal:2022,campbell_ti,editor,2,,
arrhenius-etal:2022,finneronburns,editor,3,,
arrhenius-rabinowicz:2005,arrhenius,author,0,,
arrhenius-rabinowicz:2005,rabinowicz,author,1,,
arrhenius-rabinowicz:2015,arrhenius,author,0,,
arrhenius-rabinowicz:2015,rabinowicz,author,1,,
arrhenius-rabinowicz:2015a,arrhenius,author,0,,
arrhenius-rabinowicz:2015a,rabinowicz,author,1,,
arrhenius:2005,arrhenius,author,0,,
arrhenius:2015,arrhenius,author,0,,
arrien_sj-camilleri:2011,arrien_sj,editor,0,,
arrien_sj-camilleri:2011,camilleri_s,editor,1,,
arrien_sj:2014,arrien_sj,author,0,,
arrietaurtizberea:2005,arrietaurtizberea,author,0,,
arrietaurtizberea:2005a,arrietaurtizberea,author,0,,
arrietaurtizberea:2010,arrietaurtizberea,author,0,,
arrighetti:1992,arrighetti,author,0,,
arrighetti:1995,arrighetti,author,0,,
arrighetti:2007,arrighetti,author,0,,
arrighetti:2013,arrighetti,author,0,,
arrigo_jm:2004,arrigo_jm,author,0,,
arrigoni_t:2007,arrigoni_t,author,0,,
arrington_l-etal:2013,arrington_l,editor,0,,
arrington_l-etal:2013,leinhardt_z,editor,1,,
arrington_l-etal:2013,dawid_ap,editor,2,,
arrington_rl:1999,arrington_rl,editor,0,,
arrington_rl:1999a,arrington_rl,author,0,,
arrit-turner:2003,arrit,author,0,,
arrit-turner:2003,turner_rm,author,1,,
arrojo_mj:2013,arrojo_mj,author,0,,
arrow_h-garinther:2018,arrow_h,author,0,,
arrow_h-garinther:2018,garinther_a,author,1,,
arrow_kj-raynaud:1986,arrow_kj,author,0,,
arrow_kj-raynaud:1986,raynaud_h,author,1,,
arrow_kj:1952,arrow_kj,author,0,,
arrow_kj:1959,arrow_kj,author,0,,
arrow_kj:1963,arrow_kj,author,0,,
arrow_kj:1967,arrow_kj,author,0,,
arrow_kj:1972,arrow_kj,author,0,,
arrow_kj:1973,arrow_kj,author,0,,
arrow_kj:1974,arrow_kj,author,0,,
arrow_kj:1985,arrow_kj,author,0,,
arrow_kj:1987,arrow_kj,author,0,,
arrow_kj:1987a,arrow_kj,author,0,,
arrow_kj:1987b,arrow_kj,author,0,,
arrow_kj:1991,arrow_kj,author,0,,
arrow_kj:2006,arrow_kj,author,0,,
arroyo_c:2011,arroyo_c,author,0,,
arroyo_c:2016,arroyo_c,author,0,,
arrozola-etal:1998,arrozola,editor,0,,
arrozola-etal:1998,korta,editor,1,,
arrozola-etal:1998,pelletier_fj,editor,2,,
arrozola-etal:2000,arrozola,editor,0,,
arrozola-etal:2000,carrascal,editor,1,,
arrozola-etal:2000,korta,editor,2,,
arrozola-etal:2000,txurruka,editor,3,,
arrozola:2000,arrozola,author,0,,
arruda_ai-batens:1982,arruda_ai,author,0,,
arruda_ai-batens:1982,batens,author,1,,
arruda_ai-etal:1977,arruda_ai,editor,0,,
arruda_ai-etal:1977,dacosta_n,editor,1,,
arruda_ai-etal:1977,chuaqui,editor,2,,
arruda_ai-etal:1980,arruda_ai,editor,0,,
arruda_ai-etal:1980,chuaqui,editor,1,,
arruda_ai-etal:1980,dacosta_n,editor,2,,
arruda_ai:1977,arruda_ai,author,0,,
arruda_ai:1980,arruda_ai,author,0,,
arruda_ct-povinelli:2016,arruda_ct,author,0,,
arruda_ct-povinelli:2016,povinelli,author,1,,
arruda_ct:2017,arruda_ct,author,0,,
arruda_ct:2017a,arruda_ct,author,0,,
arruda_ct:2020,arruda_ct,author,0,,
arruzza_c:2013,arruzza_c,author,0,,
arruzza_c:2018,arruzza_c,author,0,,
arsac:1971,arsac,author,0,,
arsen_hs:2012,arsen_hs,author,0,,
arsenault_a:2011,arsenault_a,author,0,,
arsenault_m-irving:2012,arsenault_m,author,0,,
arsenault_m-irving:2012,irving_zc,author,1,,
arseneault:2014,arseneault,author,0,,
arsenijevic_b-etal:2013,arsenijevic_b,editor,0,,
arsenijevic_b-etal:2013,gehrke_b,editor,1,,
arsenijevic_b-etal:2013,marin_ra,editor,2,,
arsenijevic_m-adzic:2014,arsenijevic_m,author,0,,
arsenijevic_m-adzic:2014,adzic,author,1,,
arsenijevic_m-kapetanovic:2008,arsenijevic_m,author,0,,
arsenijevic_m-kapetanovic:2008,kapetanovic,author,1,,
arsenijevic_m:1988,arsenijevic_m,author,0,,
arsenijevic_m:2003,arsenijevic_m,author,0,,
arsenijevic_m:2006,arsenijevic_m,author,0,,
arsenijevic_m:2007,arsenijevic_m,author,0,,
arsenijevic_m:2012,arsenijevic_m,author,0,,
arsenijevic_m:2022,arsenijevic_m,author,0,,
arslanov_mm-lempp:1999,arslanov_mm,editor,0,,
arslanov_mm-lempp:1999,lempp_s,editor,1,,
arstila-etal:2019,arstila,editor,0,,
arstila-etal:2019,bardon_a,editor,1,,
arstila-etal:2019,power_se,editor,2,,
arstila-etal:2019,vatakis,editor,3,,
arstila-lloyd:2014,arstila,editor,0,,
arstila-lloyd:2014,lloyd_d,editor,1,,
arstila:2009,arstila,author,0,,
arstila:2016,arstila,author,0,,
arstila:2017,arstila,author,0,,
arstila:2018,arstila,author,0,,
arstila:2019,arstila,author,0,,
artale-etal:1997,artale,author,0,,
artale-etal:1997,magnini_b,author,1,,
artale-etal:1997,strapparava_c,author,2,,
artale-etal:1997a,artale,author,0,,
artale-etal:1997a,magnini_b,author,1,,
artale-etal:1997a,strapparava_c,author,2,,
artale-franconi:1994,artale,author,0,,
artale-franconi:1994,franconi,author,1,,
artemov-beklemishev:2005,artemov,author,0,,
artemov-beklemishev:2005,beklemishev,author,1,,
artemov-etal:2005,artemov,editor,0,,
artemov-etal:2005,barringer,editor,1,,
artemov-etal:2005,davilagarcez,editor,2,,
artemov-etal:2005,lamb_lc,editor,3,,
artemov-etal:2005,wood_j,editor,4,,
artemov-etal:2005a,artemov,editor,0,,
artemov-etal:2005a,barringer,editor,1,,
artemov-etal:2005a,davilagarcez,editor,2,,
artemov-etal:2005a,lamb_lc,editor,3,,
artemov-etal:2005a,wood_j,editor,4,,
artemov-fitting:2011,artemov,author,0,,
artemov-fitting:2011,fitting_m,author,1,,
artemov-fitting:2015,artemov,author,0,,
artemov-fitting:2015,fitting_m,author,1,,
artemov-fitting:2019,artemov,author,0,,
artemov-fitting:2019,fitting_m,author,1,,
artemov-fitting:2020,artemov,author,0,,
artemov-fitting:2020,fitting_m,author,1,,
artemov-fitting:2024,artemov,author,0,,
artemov-fitting:2024,fitting_m,author,1,,
artemov-fitting:2024,studer_t,author,2,,
artemov-montagna:1994,artemov,author,0,,
artemov-montagna:1994,montagna_f,author,1,,
artemov-nogina:2008,artemov,author,0,,
artemov-nogina:2008,nogina_e,author,1,,
artemov-parikh:2006,artemov,editor,0,,
artemov-parikh:2006,parikh_r,editor,1,,
artemov-protopopescu:2013,artemov,author,0,,
artemov-protopopescu:2013,protopopescu,author,1,,
artemov:1990,artemov,author,0,,
artemov:2000,artemov,author,0,,
artemov:2000a,artemov,author,0,,
artemov:2007,artemov,author,0,,
artemov:2010,artemov,author,0,,
artemov:2011,artemov,author,0,,
arthadeva:1959,arthadeva,author,0,,
arthis:2015,arthis,author,0,,
arthur_cj:1986,arthur_cj,author,0,,
arthur_cj:1986a,arthur_cj,author,0,,
arthur_cj:2009,arthur_cj,author,0,,
arthur_j-shaw:1992,arthur_j,editor,0,,
arthur_j-shaw:1992,shaw_wh,editor,1,,
arthur_j:2003,arthur_j,author,0,,
arthur_rtw:1988,arthur_rtw,author,0,,
arthur_rtw:2006,arthur_rtw,author,0,,
arthur_rtw:2007,arthur_rtw,author,0,,
arthur_rtw:2008,arthur_rtw,author,0,,
arthur_rtw:2011,arthur_rtw,author,0,,
arthur_rtw:2016,arthur_rtw,author,0,,
arthur_w:2015,arthur_w,author,0,,
arthur_w:2021,arthur_w,author,0,,
arthur_w:2022,arthur_w,author,0,,
artieda-pastor:1996,artieda,author,0,,
artieda-pastor:1996,pastor_ma,author,1,,
artifoni_e:2014,artifoni_e,author,0,,
artiga:2011,artiga,author,0,,
artiga:2013,artiga,author,0,,
artiga:2014,artiga,author,0,,
artiga:2014a,artiga,author,0,,
artiga:2014b,artiga,author,0,,
artiga:2014c,artiga,author,0,,
artiga:2015,artiga,author,0,,
artiga:2016,artiga,author,0,,
artiga:2024,artiga,author,0,,
artigas_m:1991,artigas_m,author,0,,
artmann:2008,artmann,author,0,,
artosi-etal:1996,artosi,author,0,,
artosi-etal:1996,benassi_p,author,1,,
artosi-etal:1996,governatori,author,2,,
artosi-etal:1996,rotolo_a,author,3,,
artosi-etal:1996a,artosi,author,0,,
artosi-etal:1996a,governatori,author,1,,
artosi-etal:1996a,rotolo_a,author,2,,
artosi-etal:1996a,sartor_g,author,3,,
artosi-etal:1998,artosi,author,0,,
artosi-etal:1998,benassi_p,author,1,,
artosi-etal:1998,governatori,author,2,,
artosi-etal:1998,rotolo_a,author,3,,
artstein-francez:2006,artstein,author,0,,
artstein-francez:2006,francez_n,author,1,,
artstein:2004,artstein,author,0,,
artstein:2005,artstein,author,0,,
arvan_m:2016,arvan_m,author,0,,
arvan_m:2020,arvan_m,author,0,,
arvidson:1992,arvidson,author,0,,
arvidson:1996,arvidson,author,0,,
arvidson:2000,arvidson,author,0,,
arvidsson:2011,arvidsson,author,0,,
arvon:1992,arvon,author,0,,
arzigonczarowski-lehmann:1998,arzigonczarowski,author,0,,
arzigonczarowski-lehmann:1998,lehmann_dj,author,1,,
